PartcipantID:1
block;trial;answer;correct;timeSpent;randomYes(1=Left:No/Right:Yes);instanceNumber;xyCoordinates;error
1;1;1;1;0.4786549;0;48;(2.5,4)(8.5,-0.5)(8,2)(2,-0.5)(-0.5,1)(0,6.5);
1;2;0;0;0.2077579;1;64;(8.5,0)(7,-0.5)(8.5,4.5)(3,-0.5)(-0.5,6.5)(0,4.5);
1;3;1;1;0.2241135;0;55;(4.5,0)(0,1)(-0.5,4)(8.5,0.5)(6,-0.5)(0.5,6.5);
1;4;0;1;0.1728554;1;17;(5.5,-0.5)(8,0)(5,6.5)(3.5,-0.5)(6,4.5)(2,6.5);
1;5;1;0;0.1728783;0;38;(1,-0.5)(8.5,4.5)(2.5,0)(8.5,0)(6.5,6.5)(-0.5,5.5);
1;6;0;0;1.041925;0;35;(4,0)(1,6.5)(5.5,-0.5)(1,-0.5)(8,5)(8,0.5);
1;7;0;1;0.6165333;0;59;(8.5,3)(4,6.5)(-0.5,0)(0,4.5)(3.5,-0.5)(1.5,-0.5);
1;8;0;0;0.343441;0;45;(8,3.5)(7,6.5)(2,4.5)(8,1.5)(-0.5,0.5)(4.5,-0.5);
1;9;0;0;0.3951435;0;80;(8.5,5.5)(8.5,0.5)(8.5,2.5)(-0.5,2.5)(2,-0.5)(0,5.5);
