PartcipantID:k15
RandID:15
InitialTimeStamp:00-51-42-730
block;trial;solution;answer;correct;timeSpent;ReverseButtons;instanceNumber;pay;xyCoordinates;feedbackON;error
1;1;1;1;1;2.207212;0;73;0.4;(0,350)(4.286122E-14,-350)(303.1089,175)(303.1089,-175)(-303.1089,-175)(-303.1089,175);True;
1;2;0;0;1;1.214523;1;32;0.4;(303.1089,-175)(303.1089,175)(-303.1089,-175)(4.286122E-14,-350)(-303.1089,175)(0,350);True;
1;3;0;0;1;0.8915615;1;28;0.4;(-303.1089,-175)(303.1089,175)(303.1089,-175)(4.286122E-14,-350)(0,350)(-303.1089,175);True;
1;4;1;1;1;0.8734665;0;97;0.4;(-303.1089,175)(303.1089,175)(4.286122E-14,-350)(0,350)(303.1089,-175)(-303.1089,-175);True;
1;5;1;1;1;1.591879;1;57;0.4;(-303.1089,175)(4.286122E-14,-350)(0,350)(-303.1089,-175)(303.1089,175)(303.1089,-175);True;
1;6;1;1;1;1.045341;1;85;0.4;(303.1089,-175)(4.286122E-14,-350)(303.1089,175)(-303.1089,-175)(0,350)(-303.1089,175);True;
1;7;1;0;0;1.605383;0;5;0;(0,350)(303.1089,-175)(-303.1089,-175)(4.286122E-14,-350)(-303.1089,175)(303.1089,175);True;
