PartcipantID:k1
RandID:1
InitialTimeStamp:13-44-49-512
block;trial;solution;answer;correct;timeSpent;itemsSelected;finalvalue;finalweight;ReverseButtons;instanceNumber;pay;xyCoordinates;feedbackON;error
1;1;1;0;0;0.7043114;1;36;0;(0,350)(303.1089,175)(-303.1089,-175)(-303.1089,175)(303.1089,-175)(4.286122E-14,-350);False;
1;2;1;0;0;0.3420544;1;31;0;(-303.1089,175)(303.1089,175)(0,350)(303.1089,-175)(-303.1089,-175)(4.286122E-14,-350);False;
1;3;0;0;1;0.3938484;1;38;3;(303.1089,175)(-303.1089,175)(0,350)(-303.1089,-175)(4.286122E-14,-350)(303.1089,-175);False;
1;4;1;0;0;0.3101768;1;32;0;(303.1089,175)(4.286122E-14,-350)(303.1089,-175)(-303.1089,-175)(-303.1089,175)(0,350);False;
1;5;1;0;0;0.2758923;1;39;0;(0,350)(4.286122E-14,-350)(303.1089,-175)(-303.1089,175)(-303.1089,-175)(303.1089,175);False;
1;BDM_Auction;1.3;0.3;1.828125;NA;NA;NA;
1;LikertScale;1;NA;0.72052;NA;NA;NA;
