PartcipantID:K1
RandID:1
InitialTimeStamp:01-04-01-157
block;trial;solution;answer;correct;timeSpent;ReverseButtons;instanceNumber;pay;xyCoordinates;feedbackON;error
1;1;1;1;1;0.6166134;0;1;0.4;(0,350)(-303.1089,-175)(303.1089,175)(-303.1089,175)(303.1089,-175)(4.286122E-14,-350);False;
1;2;0;0;1;0.2933102;0;2;0.4;(-303.1089,175)(303.1089,175)(4.286122E-14,-350)(0,350)(303.1089,-175)(-303.1089,-175);False;
1;3;0;0;1;0.2244015;0;6;0.4;(0,350)(303.1089,175)(-303.1089,-175)(4.286122E-14,-350)(303.1089,-175)(-303.1089,175);False;
1;4;1;0;0;0.1217518;0;7;0;(0,350)(-303.1089,175)(-303.1089,-175)(303.1089,-175)(4.286122E-14,-350)(303.1089,175);False;
1;5;1;1;1;0.1560516;1;13;0.4;(-303.1089,175)(-303.1089,-175)(0,350)(303.1089,-175)(4.286122E-14,-350)(303.1089,175);False;
1;6;0;0;1;0.0339241;0;12;0.4;(4.286122E-14,-350)(-303.1089,-175)(0,350)(303.1089,175)(-303.1089,175)(303.1089,-175);False;
1;7;1;0;0;0.1725826;0;15;0;(4.286122E-14,-350)(0,350)(-303.1089,175)(303.1089,-175)(-303.1089,-175)(303.1089,175);False;
1;8;1;0;0;0.2249336;0;5;0;(303.1089,175)(4.286122E-14,-350)(303.1089,-175)(-303.1089,175)(0,350)(-303.1089,-175);False;
1;9;1;1;1;0.6150455;1;3;0.4;(-303.1089,175)(303.1089,-175)(0,350)(-303.1089,-175)(303.1089,175)(4.286122E-14,-350);False;
1;10;1;0;0;0.9747696;0;9;0;(303.1089,-175)(-303.1089,-175)(-303.1089,175)(0,350)(4.286122E-14,-350)(303.1089,175);False;
1;LikertScale;5;NA;1.14679;NA;NA;NA;
1;BDM_Auction;2;1.5;0.7021484;NA;NA;0.5;
2;1;1;0;0;0.8225918;0;24;0;(0,350)(303.1089,-175)(4.286122E-14,-350)(-303.1089,175)(-303.1089,-175)(303.1089,175);True;
2;2;1;1;1;0.7348213;0;20;0.4;(-303.1089,-175)(303.1089,-175)(-303.1089,175)(0,350)(303.1089,175)(4.286122E-14,-350);True;
2;3;1;0;0;0.8551388;0;26;0;(303.1089,-175)(4.286122E-14,-350)(-303.1089,-175)(0,350)(-303.1089,175)(303.1089,175);True;
2;4;0;1;0;1.177755;0;29;0;(303.1089,175)(303.1089,-175)(-303.1089,-175)(-303.1089,175)(4.286122E-14,-350)(0,350);True;
2;5;0;1;0;1.025023;0;25;0;(4.286122E-14,-350)(-303.1089,175)(303.1089,175)(303.1089,-175)(0,350)(-303.1089,-175);True;
2;6;1;0;0;0.9400673;0;18;0;(-303.1089,175)(4.286122E-14,-350)(303.1089,-175)(303.1089,175)(-303.1089,-175)(0,350);True;
2;7;0;1;0;3.26298;1;23;0;(-303.1089,175)(4.286122E-14,-350)(303.1089,175)(303.1089,-175)(0,350)(-303.1089,-175);True;
2;8;0;0;1;1.127085;1;17;0.4;(0,350)(4.286122E-14,-350)(-303.1089,-175)(303.1089,-175)(-303.1089,175)(303.1089,175);True;
2;9;0;0;1;2.983938;1;21;0.4;(0,350)(303.1089,175)(303.1089,-175)(-303.1089,-175)(4.286122E-14,-350)(-303.1089,175);True;
2;10;0;0;1;2.559877;0;19;0.4;(303.1089,175)(303.1089,-175)(-303.1089,175)(4.286122E-14,-350)(0,350)(-303.1089,-175);True;
2;LikertScale;5;NA;1.331787;NA;NA;NA;
2;BDM_Auction;0.7;0.1;0.9741211;NA;NA;1.9;
