PartcipantID:k3
RandID:3
InitialTimeStamp:14-41-15-111
block;trial;solution;answer;correct;timeSpent;ReverseButtons;instanceNumber;pay;xyCoordinates;feedbackON;error
1;1;1;0;0;0.4343395;0;32;0;(-303.1089,175)(-303.1089,-175)(0,350)(303.1089,-175)(303.1089,175)(4.286122E-14,-350);True;
1;2;0;0;1;0.3598537;0;35;0.4;(4.286122E-14,-350)(-303.1089,-175)(303.1089,175)(0,350)(303.1089,-175)(-303.1089,175);True;
1;3;0;0;1;0.3423347;0;33;0.4;(4.286122E-14,-350)(-303.1089,175)(0,350)(-303.1089,-175)(303.1089,-175)(303.1089,175);True;
1;4;0;1;0;0.123045;1;37;0;(-303.1089,175)(4.286122E-14,-350)(-303.1089,-175)(303.1089,175)(0,350)(303.1089,-175);True;
1;5;1;1;1;0.3950539;1;40;0.4;(303.1089,-175)(0,350)(-303.1089,-175)(4.286122E-14,-350)(303.1089,175)(-303.1089,175);True;
1;BDM_Auction;0;1;2.476889;NA;NA;0;
1;LikertScale;3;NA;0.7888145;NA;NA;NA;
