PartcipantID:k5
RandID:5
InitialTimeStamp:14-40-28-649
block;trial;solution;answer;correct;timeSpent;ReverseButtons;instanceNumber;pay;xyCoordinates;feedbackON;error
1;1;1;0;0;0.6987019;0;47;0;(303.1089,-175)(4.286122E-14,-350)(-303.1089,175)(0,350)(-303.1089,-175)(303.1089,175);False;
1;2;1;0;0;0.2935848;0;43;0;(303.1089,175)(303.1089,-175)(0,350)(-303.1089,-175)(4.286122E-14,-350)(-303.1089,175);False;
1;3;1;0;0;0.7545376;0;45;0;(-303.1089,-175)(303.1089,-175)(-303.1089,175)(4.286122E-14,-350)(0,350)(303.1089,175);False;
1;4;1;0;0;0.2755871;0;49;0;(0,350)(303.1089,175)(-303.1089,-175)(-303.1089,175)(303.1089,-175)(4.286122E-14,-350);False;
1;5;0;0;1;0.8047714;0;44;0.4;(-303.1089,175)(0,350)(303.1089,175)(4.286122E-14,-350)(-303.1089,-175)(303.1089,-175);False;
1;LikertScale;5;NA;0.7704983;NA;NA;NA;
1;BDM_Auction;0.7;0.9;1.419704;NA;NA;0;
1;6;0;0;1;0.6518002;0;46;0.4;(4.286122E-14,-350)(303.1089,-175)(-303.1089,-175)(303.1089,175)(0,350)(-303.1089,175);False;
1;7;1;0;0;0.5976334;0;48;0;(-303.1089,-175)(303.1089,175)(-303.1089,175)(303.1089,-175)(4.286122E-14,-350)(0,350);False;
1;8;1;0;0;0.3939266;0;50;0;(-303.1089,-175)(303.1089,-175)(-303.1089,175)(303.1089,175)(0,350)(4.286122E-14,-350);False;
1;9;1;0;0;0.4290504;0;42;0;(0,350)(303.1089,-175)(-303.1089,175)(303.1089,175)(4.286122E-14,-350)(-303.1089,-175);False;
1;10;1;0;0;0.449358;0;41;0;(303.1089,-175)(-303.1089,175)(4.286122E-14,-350)(303.1089,175)(0,350)(-303.1089,-175);False;
