PartcipantID:k9
RandID:9
InitialTimeStamp:12-57-26-024
block;trial;solution;answer;correct;timeSpent;ReverseButtons;instanceNumber;pay;xyCoordinates;feedbackON;error
1;1;1;0;0;0.806221;0;4;0;(303.1089,-175)(303.1089,175)(4.286122E-14,-350)(-303.1089,-175)(-303.1089,175)(0,350);True;
1;2;0;0;1;0.2930431;1;5;0.4;(303.1089,-175)(-303.1089,-175)(303.1089,175)(0,350)(4.286122E-14,-350)(-303.1089,175);True;
1;3;0;1;0;0.5301914;1;6;0;(-303.1089,175)(-303.1089,-175)(303.1089,-175)(303.1089,175)(4.286122E-14,-350)(0,350);True;
1;4;0;0;1;0.3278542;1;2;0.4;(-303.1089,175)(4.286122E-14,-350)(303.1089,175)(0,350)(-303.1089,-175)(303.1089,-175);True;
1;5;0;1;0;0.2757111;0;10;0;(-303.1089,175)(0,350)(4.286122E-14,-350)(303.1089,-175)(-303.1089,-175)(303.1089,175);True;
1;LikertScale;5;NA;1.217834;NA;NA;NA;
1;BDM_Auction;0.2;1.8;3.454285;NA;NA;0;
1;6;1;0;0;1.591515;1;7;0;(-303.1089,-175)(0,350)(303.1089,-175)(-303.1089,175)(303.1089,175)(4.286122E-14,-350);True;
1;7;1;1;1;0.7196045;0;8;0.4;(303.1089,175)(303.1089,-175)(4.286122E-14,-350)(0,350)(-303.1089,175)(-303.1089,-175);True;
1;8;0;1;0;0.51474;0;1;0;(0,350)(-303.1089,175)(303.1089,-175)(4.286122E-14,-350)(-303.1089,-175)(303.1089,175);True;
1;9;0;1;0;0.3952141;0;9;0;(-303.1089,175)(-303.1089,-175)(303.1089,-175)(0,350)(303.1089,175)(4.286122E-14,-350);True;
1;10;1;0;0;0.3477802;1;3;0;(303.1089,-175)(-303.1089,-175)(4.286122E-14,-350)(-303.1089,175)(303.1089,175)(0,350);True;
