PartcipantID:s3
RandID:3
InitialTimeStamp:20-54-05-639
block;trial;solution;answer;correct;timeSpent;instanceNumber;pay;feedbackON;error
1;1;0;0;1;0.3965816;30;0.2;True;
1;2;0;1;0;0.4639066;25;0;True;
1;3;1;0;0;0.345222;16;0;True;
1;4;1;1;1;0.3753738;24;0.2;True;
1;5;0;0;1;0.324331;28;0.2;True;
1;6;1;1;1;0.3808445;19;0.2;True;
1;7;0;0;1;0.3077517;22;0.2;True;
1;8;1;1;1;0.2106993;17;0.2;True;
1;9;1;1;1;0.291577;27;0.2;True;
1;10;1;1;1;0.2432234;26;0.2;True;
1;LikertScale;3;NA;1.00758;NA;NA;NA;
1;BDM_Auction;0.7;0.1;1.314972;NA;NA;0.9;
2;1;1;1;1;0.3767437;19;0.2;False;
2;2;1;1;1;0.2740943;17;0.2;False;
2;3;0;2;0;0.2740943;23;0.2;False;
2;4;1;2;0;0.2740943;27;0;False;
2;5;0;2;0;0.2740943;25;0;False;
2;6;0;1;0;0.2101976;18;0;False;
2;7;0;1;0;0.5295602;28;0;False;
2;8;1;2;0;0.5295602;29;0;False;
2;9;0;2;0;0.5295602;22;0;False;
2;10;0;0;1;0.5138564;30;0.2;False;
2;BDM_Auction;0.6;0.7;2.417124;NA;NA;0;
2;LikertScale;3;NA;1.423361;NA;NA;NA;
