PartcipantID:s3
RandID:3
InitialTimeStamp:21-22-40-263
block;trial;solution;answer;correct;timeSpent;instanceNumber;pay;feedbackON;error
1;1;0;0;1;0.3230215;30;0.2;True;
1;2;0;1;0;0.577862;25;0;True;
1;3;1;1;1;0.2050205;16;0.2;True;
1;4;1;1;1;0.2566631;24;0.2;True;
1;5;0;1;0;0.4277316;28;0;True;
1;6;1;1;1;0.1987973;19;0.2;True;
1;7;0;0;1;0.2563409;22;0.2;True;
1;8;1;1;1;0.2943854;17;0.2;True;
1;9;1;0;0;0.5963866;27;0;True;
1;10;1;1;1;0.2039721;26;0.2;True;
1;BDM_Auction;0.1;1;2.35553;NA;NA;0;
1;LikertScale;2;NA;1.030151;NA;NA;NA;
1;11;1;0;0;0.6336827;21;0;True;
1;12;0;1;0;0.6154898;18;0;True;
1;13;0;1;0;0.4490353;23;0;True;
1;14;0;1;0;0.0181365;20;0;True;
1;15;1;2;0;0.0181365;29;0;True;
2;1;1;1;1;0.3227626;19;0.2;False;
2;2;1;1;1;1.014303;17;0.2;False;
2;3;0;1;0;1.261209;23;0;False;
2;4;1;2;0;1.261209;27;0;False;
2;5;0;0;1;1.124684;25;0.2;False;
2;6;0;0;1;0.4272064;18;0.2;False;
2;7;0;1;0;1.057029;28;0;False;
2;8;1;1;1;0.3408436;29;0.2;False;
2;9;0;0;1;1.125623;22;0.2;False;
2;10;0;0;1;0.6650465;30;0.2;False;
2;BDM_Auction;0;0.1;3.413574;NA;NA;0;
2;LikertScale;1;NA;0.9602661;NA;NA;NA;
2;11;1;1;1;0.2561252;26;0.2;False;
2;12;0;1;0;0.4101257;20;0;False;
2;13;1;0;0;0.3594359;16;0;False;
2;14;1;1;1;0.2898099;21;0.2;False;
2;15;1;1;1;0.2529092;24;0.2;False;
